This file contains the decoded bits from the chamber_test/beacons dataset to simplify debugging.

Raw Data:
01010101 01101011 01111101 10010001 01110001 11110011 11101111 11010100 11110110 00001000 11000001 11100101 10011010 11101110 00011100 11000100 11010010 10101001 11110110 00100111 10101111 00001010 10001111 11101101 11010110000000010001001111001100111101011110000101110101100100001101001110001101111010100111111100110011000100101010001000111010110010000001100001010011010100000011111010000010001100100011
01010101 01101011 01111101 10010001 01110001 11110011 11101111 11011101 10000010 01000110 10000110 10011100 11110010 11101110 00011100 00000100 11010010 10101001 11110110 00100111 10101111 00001010 10001111 11101101 11000011101110001100100101101011111111110011110110011000110000110101011011100011100111001101011001010010010010010011111110010000011110001011010110011101100001010011101000011001010011010011
01010101 01101011 01111101 10010001 01110001 11110011 11101111 11010100 11110110 00001000 11000001 11100101 10011010 11101110 00011100 11000100 11010010 10101001 11110110 00100111 10101111 00001010 10001111 11101101 10000111010100011001100011101110110111010100100100110000000000011100011111011001110010001011011100110110000001111010101010001000110010101001001011010111000010011001010001000001011000100011
01010101 01101011 01111101 10010001 01110001 11110011 11101111 11011101 10000010 01000110 10000110 10011100 11110010 11101110 00011100 00000100 11010010 10101001 11110110 00100111 10101111 00001010 10001111 11101101 10001011000111111001001010100000010110110110111000110101001001100000010011001010010010100010010001000110110000110100101000101100011100101111000010100111010110111100100010001000101111100111
01010101 01101011 01111101 10010001 01110001 11110011 11101111 11010100 11110110 00001000 11000001 11100101 10011010 11101110 00011100 11000100 11010010 10101001 11110110 00100111 10101111 00001010 10001111 11101101 01000000010010010111110000101010001111101100010101000010011000111011011000011111111100011000011000101010011101100010010011000100110001001010101000010000001011110110110100011101011110100011
01010101 01101011 01111101 10010001 01110001 11110011 11101111 11011101 10000010 01000110 10000110 10011100 11110010 11101110 00011100 00000100 11010010 10101001 11110110 00100111 10101111 00001010 10001111 11101101 00101101101110100111110000101000100010000011110011000010011000100110110101100011001100011000011001011100101010010001010011000100011111111100010110001000001011110111010010011001110111000111
01010101 01101011 01111101 10010001 01110001 11110011 11101111 11010100 11110110 00001000 11000001 11100101 10011010 11101110 00011100 11000100 11010010 10101001 11110110 00100111 10101111 00001010 10001111 11101101 01101101010000111111111111100001001010000100000000000011100001101011110101011101010100010111010000101000101001101000110011111000110001011100001001000100001100010110000000101010101101000111
01010101 01101011 01111101 10010001 01110001 11110011 11101111 11011101 10000010 01000110 10000110 10011100 11110010 11101110 00011100 00000100 11010010 10101001 11110110 00100111 10101111 00001010 10001111 11101101 11101000011100101100001111101011111010101101100010011101100000110101110000010001000111100111011001010000111101011001111100111000011110011110101111001101110100010110011010101101011101010011

Unwhitened data:                             |<- Whitened bits --------->
01010101 01101011 01111101 10010001 01110001 01000010 10100100 00111110 01110011 10110100 00100100 10000011 10010111 01000000 10010000 01001100 11000000 11000000 00011000 00111000 01101000 01101000 00011000 00111000 1101110101111000110110010000000011101110101111000110110010000000111101110101111000110110010000001011110111010111100011011001000011011110111010111100011011001000
01010101 01101011 01111101 10010001 01110001 01000010 10100100 00110111 00000111 11111010 01100011 11111010 11111111 01000000 10010000 10001100 11000000 11000000 00011000 00111000 01101000 01101000 00011000 00111000 1100100011000001000000111010011111100100011000001000000111010011011100100011000001000000111010011101110010001100000100000011101001101110010001100000100000011101
01010101 01101011 01111101 10010001 01110001 01000010 10100100 00111110 01110011 10110100 00100100 10000011 10010111 01000000 10010000 01001100 11000000 11000000 00011000 00111000 01101000 01101000 00011000 00111000 1000110000101000010100100010001011000110000101000010100100010001111000110000101000010100100010001011100011000010100001010010001011011100011000010100001010010001
01010101 01101011 01111101 10010001 01110001 01000010 10100100 00110111 00000111 11111010 01100011 11111010 11111111 01000000 10010000 10001100 11000000 11000000 00011000 00111000 01101000 01101000 00011000 00111000 1000000001100110010110000110110001000000001100110010110000110110001000000001100110010110000110111100100000000110011001011000011001100100000000110011001011000011
01010101 01101011 01111101 10010001 01110001 01000010 10100100 00111110 01110011 10110100 00100100 10000011 10010111 01000000 10010000 01001100 11000000 11000000 00011000 00111000 01101000 01101000 00011000 00111000 0100101100110000101101101110011000100101100110000101101101110011100100101100110000101101101110011010010010110011000010110110111011010010010110011000010110110111
01010101 01101011 01111101 10010001 01110001 01000010 10100100 00110111 00000111 11111010 01100011 11111010 11111111 01000000 10010000 10001100 11000000 11000000 00011000 00111000 01101000 01101000 00011000 00111000 0010011011000011101101101110010010010011011000011101101101110010010010011011000011101101101110011101001001101100001110110110111001101001001101100001110110110111
01010101 01101011 01111101 10010001 01110001 01000010 10100100 00111110 01110011 10110100 00100100 10000011 10010111 01000000 10010000 01001100 11000000 11000000 00011000 00111000 01101000 01101000 00011000 00111000 0110011000111010001101010010110100110011000111010001101010010110100110011000111010001101010010111010011001100011101000110101001011010011001100011101000110101001
01010101 01101011 01111101 10010001 01110001 01000010 10100100 00110111 00000111 11111010 01100011 11111010 11111111 01000000 10010000 10001100 11000000 11000000 00011000 00111000 01101000 01101000 00011000 00111000 1110001100001011000010010010011111110001100001011000010010010011011110001100001011000010010010011101111000110000101100001001001001101111000110000101100001001001

      
aa       d6       be       89       8e       4    2   25       7c/ec    ce/e0    2d/5f    24/c6    c1/5f    e9/ff    02       09       31/32    03       03       18       1c       16       16       18       1c       |<- Random Data --------->
pramble  |<-  access address 0x8e89bed6  ->| info typ length   |<- dev.add.  E9:C1:24:2D:CE:7C/FF:5F:C6:5F:E0:EC ->| length   field    name     length   field    service uuid      length   field    service uuid